386.710542 ,307.841425 ,16388.045307
404.696385 ,322.819066 ,16388.059632
398.661764 ,303.875495 ,16368.172299
390.709293 ,306.841594 ,16389.049634
378.728865 ,321.811850 ,16393.980757
371.714171 ,270.902559 ,16384.087102
373.703330 ,309.850774 ,16379.061143
409.662980 ,318.846071 ,16373.148441
381.698791 ,301.861549 ,16380.083055
374.708376 ,307.849621 ,16382.051198
391.692712 ,297.866323 ,16381.103307
389.700194 ,298.860606 ,16384.083309
397.692102 ,316.834981 ,16383.078776
391.669238 ,298.881540 ,16369.160671
386.692829 ,300.864519 ,16379.099132
397.689811 ,292.872548 ,16382.117123
386.706392 ,290.869835 ,16386.078794
373.726678 ,299.849121 ,16391.016323
383.712714 ,291.865499 ,16388.061735
383.738271 ,299.835322 ,16400.986931
385.683813 ,298.874488 ,16374.124444
400.685585 ,301.860419 ,16381.115347
393.702790 ,292.865524 ,16387.084811
390.697341 ,291.872565 ,16383.099919
390.693566 ,301.860280 ,16381.095774
380.729032 ,307.831585 ,16394.999288
388.712750 ,299.850723 ,16390.050579
396.706393 ,301.847819 ,16390.063450
383.703109 ,304.852873 ,16383.068099
396.696606 ,301.854788 ,16385.087932
402.699772 ,310.835732 ,16389.067546
405.669989 ,311.853779 ,16375.140575
396.718678 ,340.780675 ,16395.979715
391.718240 ,303.839161 ,16394.031290
366.701004 ,303.865295 ,16375.075390
385.689907 ,314.846192 ,16377.087455
389.682662 ,304.864107 ,16375.119015
385.699472 ,298.863338 ,16382.085273
398.722510 ,308.824753 ,16399.013540
397.705720 ,310.834268 ,16390.052863
403.687327 ,317.833557 ,16383.089126
400.705074 ,295.855525 ,16391.074745
388.724605 ,307.830302 ,16396.010050
385.742380 ,287.849255 ,16403.992881
378.705322 ,317.834604 ,16382.045090
404.676465 ,297.870684 ,16378.143441
387.680385 ,307.862345 ,16373.120712
395.674042 ,310.857934 ,16373.132189
400.711238 ,316.819692 ,16394.030787
378.716927 ,307.841314 ,16388.029649
267.298998 ,-25.693083 ,-16378.301706
238.351586 ,-19.723435 ,-16363.440278
247.305173 ,-25.686392 ,-16383.316370
255.312393 ,-32.685486 ,-16376.325231
244.313648 ,-10.713223 ,-16380.357838
244.345062 ,-3.746074 ,-16364.445938
227.319067 ,-33.673218 ,-16384.339470
252.318702 ,-32.688316 ,-16374.340896
256.341287 ,-8.742552 ,-16361.430171
271.276344 ,-17.691147 ,-16388.256062
245.330132 ,-34.689580 ,-16371.366499
245.326468 ,-16.713922 ,-16373.381793
243.329854 ,-28.697257 ,-16372.373879
237.328757 ,-29.691652 ,-16375.369540
243.316237 ,-22.696544 ,-16379.347967
252.295478 ,-13.700228 ,-16386.308619
246.302140 ,-19.692661 ,-16385.316897
267.273748 ,-11.696065 ,-16391.257565
244.366231 ,-29.722217 ,-16353.463561
247.365572 ,-45.699454 ,-16352.440286
259.348499 ,-21.729885 ,-16356.430662
244.313454 ,-24.692122 ,-16380.338325
267.312658 ,-28.698317 ,-16371.331800
254.311317 ,-26.693150 ,-16377.330654
233.349635 ,-24.711787 ,-16366.428406
257.320444 ,-42.677355 ,-16371.331861
243.343597 ,-25.711535 ,-16365.412336
274.299478 ,-11.718268 ,-16375.322207
243.322345 ,-5.726348 ,-16376.386350
267.285103 ,-39.662225 ,-16385.247919
254.330793 ,-33.696537 ,-16367.369863
243.327883 ,-29.694356 ,-16373.367589
263.317849 ,-25.704288 ,-16370.348707
255.296859 ,-23.687901 ,-16384.298603
242.336622 ,-21.712003 ,-16369.400282
253.314030 ,-29.690036 ,-16376.333327
234.356499 ,-36.699262 ,-16362.429310
247.322664 ,-34.685371 ,-16374.347895
260.310471 ,-24.698868 ,-16375.331491
256.315759 ,-14.715390 ,-16374.358154
253.304438 ,-15.704168 ,-16381.328357
258.327934 ,-9.732655 ,-16367.395483
257.318723 ,-25.701584 ,-16372.350658
270.277392 ,0.281709 ,-16388.283107
251.298219 ,-14.700128 ,-16385.314079
261.278453 ,-17.687105 ,-16391.260946
249.321443 ,-7.726038 ,-16374.381611
257.297276 ,-19.695296 ,-16383.305160
247.317362 ,6.257015 ,-16377.390349
262.283554 ,-15.694287 ,-16388.276466
16376.640220 ,-435.805072 ,18.209645
16379.673030 ,-437.827103 ,36.130168
16379.663299 ,-433.826163 ,31.149076
16383.636952 ,-409.845556 ,19.182212
16394.629853 ,-429.816653 ,20.226721
16374.635889 ,-439.794890 ,15.225995
16392.615763 ,-431.802516 ,12.264766
16380.629449 ,-417.826571 ,14.211973
16383.626860 ,-431.805429 ,14.237357
16376.632516 ,-426.813062 ,14.216687
16368.650811 ,-414.839622 ,20.154925
16381.622668 ,-425.810318 ,11.239770
16388.609293 ,-422.809168 ,7.268875
16374.659766 ,-411.853817 ,27.128212
16392.656935 ,-426.839321 ,33.154971
16389.627943 ,-431.809526 ,17.234412
16378.626991 ,-427.808739 ,12.231789
16392.648995 ,-434.821688 ,29.185707
16389.614339 ,-424.810321 ,10.258931
16384.636057 ,-416.834992 ,19.193926
16380.617719 ,-416.819716 ,8.239958
16372.651117 ,-444.797137 ,22.194774
16379.612423 ,-432.791433 ,5.274990
16389.608593 ,-415.819704 ,7.261076
16386.609002 ,-417.815338 ,6.262888
16383.657969 ,-446.805120 ,30.179920
16383.642671 ,-420.833158 ,22.182854
16360.658681 ,-448.789882 ,21.181758
16377.639367 ,-439.799029 ,18.217178
16377.625804 ,-429.804345 ,11.237515
16384.639930 ,-419.833258 ,21.188314
16370.654851 ,-431.818153 ,23.167844
16376.634404 ,-431.806920 ,15.218760
16375.655011 ,-414.846494 ,25.144144
16367.657412 ,-419.836281 ,23.145247
16361.691435 ,-428.843706 ,38.072600
16368.678047 ,-426.841048 ,34.103099
16376.669566 ,-436.824471 ,33.137592
16365.643127 ,-435.801043 ,15.202804
16373.660230 ,-435.817657 ,27.159705
16375.639311 ,-417.830822 ,17.187497
16392.613930 ,-422.814687 ,11.257119
16366.626782 ,-427.801937 ,7.232783
16378.642692 ,-424.824411 ,20.188436
16373.648542 ,-431.815324 ,21.183509
16364.646008 ,-426.816016 ,16.183407
16366.634639 ,-425.810527 ,11.210410
16376.658058 ,-419.841731 ,27.143277
16389.614326 ,-425.808814 ,10.260324
16378.658322 ,-426.832547 ,28.152051
-16393.270588 ,67.045271 ,-93.454469
-16369.289825 ,61.054647 ,-93.399131
-16377.262035 ,52.052770 ,-82.456107
-16388.255214 ,52.054011 ,-83.472741
-16389.240700 ,53.042734 ,-76.510367
-16370.259848 ,48.053321 ,-78.456417
-16391.251015 ,41.069155 ,-82.468178
-16368.290748 ,52.068226 ,-93.384630
-16383.257441 ,38.073788 ,-82.448338
-16369.282052 ,57.055101 ,-89.413142
-16377.267838 ,57.049415 ,-85.448387
-16386.242970 ,62.029210 ,-76.517039
-16387.259885 ,55.052291 ,-85.465172
-16391.254888 ,44.067421 ,-84.462566
-16398.233587 ,48.050145 ,-76.521014
-16379.242851 ,50.043213 ,-73.501303
-16384.272329 ,36.087938 ,-90.408336
-16396.262613 ,46.072699 ,-90.445762
-16390.247773 ,50.052816 ,-80.488558
-16369.278262 ,48.065879 ,-87.410391
-16393.247489 ,39.070748 ,-81.474202
-16389.260412 ,43.071743 ,-86.447465
-16381.274557 ,48.069893 ,-90.419190
-16384.260474 ,44.067518 ,-84.448865
-16379.293574 ,62.061364 ,-99.390719
-16390.269359 ,46.074177 ,-91.429121
-16399.266160 ,41.084375 ,-93.429975
-16394.250717 ,31.085579 ,-83.455216
-16397.262010 ,32.093787 ,-90.428206
-16391.292146 ,39.101438 ,-103.362565
-16391.294034 ,44.095296 ,-104.364637
-16389.282040 ,36.097625 ,-97.383848
-16383.253415 ,46.058943 ,-80.469281
-16391.251001 ,42.067648 ,-82.469572
-16387.277584 ,49.073878 ,-94.412741
-16386.276536 ,41.084556 ,-93.404530
-16373.308566 ,32.113633 ,-104.312681
-16383.270962 ,51.063950 ,-89.432182
-16375.293074 ,46.082747 ,-97.370383
-16385.283386 ,28.108345 ,-96.369765
-16373.277194 ,36.085304 ,-88.396599
-16389.252694 ,35.078226 ,-82.455901
-16369.309801 ,32.112294 ,-103.309748
-16373.259564 ,37.071253 ,-79.442061
-16375.308802 ,41.101434 ,-105.324242
-16381.284718 ,21.117557 ,-95.357076
-16379.274196 ,48.068527 ,-89.420171
-16374.299730 ,47.085435 ,-100.355130
-16390.281006 ,53.071989 ,-97.409499
-16374.291846 ,51.073831 ,-96.380291
-169.242087 ,-16407.302549 ,-436.716220
-190.201742 ,-16400.330116 ,-424.825837
-184.216040 ,-16380.353209 ,-429.817486
-176.224340 ,-16377.356226 ,-430.801112
-167.217863 ,-16380.361335 ,-423.813590
-181.206579 ,-16372.373587 ,-423.852143
-184.208169 ,-16377.363305 ,-425.841253
-191.220295 ,-16384.340308 ,-434.801130
-179.218267 ,-16394.333432 ,-428.793083
-182.213929 ,-16395.333360 ,-427.802458
-184.237917 ,-16405.300197 ,-440.728781
-184.194634 ,-16389.354975 ,-418.858803
-187.219614 ,-16387.338519 ,-432.798912
-187.256664 ,-16377.327109 ,-451.719817
-189.220017 ,-16390.332631 ,-433.793749
-187.233302 ,-16386.330270 ,-439.766031
-192.217192 ,-16359.379396 ,-433.842827
-176.228393 ,-16387.338366 ,-432.777382
-191.220448 ,-16395.323729 ,-434.785798
-204.165207 ,-16406.339386 ,-411.908531
-183.218906 ,-16388.339743 ,-430.799482
-189.237675 ,-16393.315566 ,-442.745499
-183.228720 ,-16390.329760 ,-435.772212
-202.221358 ,-16388.327463 ,-439.792603
-164.222340 ,-16389.346335 ,-424.790278
-191.228194 ,-16389.327197 ,-438.774575
-183.202998 ,-16370.378023 ,-422.863741
-188.212833 ,-16379.354771 ,-429.826709
-174.212499 ,-16396.337317 ,-423.804992
-183.234495 ,-16383.336129 ,-438.767279
-184.241512 ,-16382.332075 ,-442.751044
-178.253977 ,-16371.342997 ,-446.735046
-167.258939 ,-16378.335081 ,-444.713552
-187.262703 ,-16389.304842 ,-454.688402
-182.258420 ,-16357.358578 ,-450.742802
-181.243809 ,-16375.342584 ,-442.754929
-177.245030 ,-16374.345430 ,-441.753390
-189.215797 ,-16368.368577 ,-431.834204
-184.210084 ,-16374.366433 ,-426.840538
-176.236000 ,-16371.356906 ,-436.780096
-178.236375 ,-16372.354033 ,-437.777720
-193.247947 ,-16376.331488 ,-449.742747
-187.240853 ,-16366.354839 ,-443.774320
-179.251264 ,-16374.339883 ,-445.737718
-190.242582 ,-16381.329485 ,-445.749492
-167.227539 ,-16372.366424 ,-428.800258
-175.229191 ,-16387.338352 ,-432.775424
-196.235947 ,-16389.318904 ,-444.754983
-182.247065 ,-16385.324739 ,-444.733155
-189.249391 ,-16391.310217 ,-448.718908
-263.922512 ,16381.640214 ,-82.641971
-233.954311 ,16379.649220 ,-86.560879
-235.948676 ,16388.632839 ,-84.587130
-220.958815 ,16379.645219 ,-83.550123
-231.955741 ,16391.631161 ,-86.573689
-225.929476 ,16372.637581 ,-70.613807
-240.923210 ,16384.623468 ,-73.645203
-241.936183 ,16379.640746 ,-80.605916
-243.936613 ,16374.649648 ,-81.597965
-238.944352 ,16386.634418 ,-83.595111
-228.946516 ,16382.636405 ,-80.584652
-233.956144 ,16388.637048 ,-87.568526
-236.965590 ,16381.655920 ,-93.535263
-227.953131 ,16386.634571 ,-83.573580
-228.958413 ,16371.661347 ,-86.539942
-241.934212 ,16380.637845 ,-79.612206
-251.959505 ,16380.661400 ,-96.548539
-238.956165 ,16381.650317 ,-89.558763
-244.961066 ,16388.646652 ,-94.555781
-245.938821 ,16382.640350 ,-83.603237
-249.902410 ,16378.622630 ,-66.688731
-231.919052 ,16355.658939 ,-67.616547
-245.909433 ,16384.616429 ,-68.679471
-244.945491 ,16382.644545 ,-86.586590
-241.942096 ,16376.649449 ,-83.587045
-235.936973 ,16385.628999 ,-78.612327
-247.935239 ,16384.635914 ,-82.614835
-229.979104 ,16374.672143 ,-97.492219
-245.897759 ,16379.615603 ,-62.701882
-237.937460 ,16376.643930 ,-79.598802
-241.922551 ,16374.638526 ,-73.633222
-252.905735 ,16389.610190 ,-69.695245
-247.917693 ,16379.630906 ,-73.651935
-253.887557 ,16372.623255 ,-60.717577
-231.936529 ,16365.656411 ,-76.586416
-251.928244 ,16376.645129 ,-80.621308
-260.870268 ,16369.619317 ,-54.756475
-246.924433 ,16374.642638 ,-76.628319
-258.875737 ,16372.617610 ,-56.746949
-234.925972 ,16389.614621 ,-72.645324
-242.941229 ,16381.641899 ,-83.595971
-251.914917 ,16349.676068 ,-73.617952
-234.951612 ,16375.653841 ,-85.562157
-241.920594 ,16374.637132 ,-72.638119
-250.917326 ,16374.639795 ,-74.645942
-242.945199 ,16377.650715 ,-85.580603
-245.933088 ,16372.651241 ,-80.603989
-240.952570 ,16384.644374 ,-88.571755
-228.950639 ,16367.661801 ,-82.553953
-246.918380 ,16387.618863 ,-73.661128
11851.499804 ,-7.362279 ,11306.092087
11853.473110 ,17.618187 ,11293.124811
11866.499826 ,10.602436 ,11312.066980
11868.457265 ,20.616661 ,11291.159783
11880.478811 ,6.615629 ,11307.124439
11862.467787 ,10.627468 ,11294.147287
11866.470272 ,-3.355556 ,11297.159939
11865.459687 ,22.613605 ,11291.151123
11861.482356 ,15.610162 ,11301.104086
11858.441842 ,26.624204 ,11279.190605
11872.464040 ,33.590154 ,11296.125011
11855.465725 ,23.613352 ,11290.135053
11879.444725 ,31.603022 ,11289.175775
11868.468773 ,3.633921 ,11297.154098
11873.461243 ,30.596083 ,11295.136046
11870.426351 ,23.633073 ,11276.232963
11865.479108 ,11.616247 ,11301.117490
11867.467683 ,8.627765 ,11296.150068
11865.471376 ,18.611271 ,11297.127319
11872.485237 ,9.610996 ,11307.104600
11877.442406 ,31.605781 ,11287.181653
11865.447888 ,18.627996 ,11285.186077
11888.435557 ,29.607555 ,11288.201074
11876.441122 ,22.620726 ,11286.197136
11868.443370 ,6.647518 ,11284.213571
11877.444711 ,56.566707 ,11288.141913
11884.415220 ,26.628746 ,11276.256184
11876.448896 ,18.621180 ,11290.183125
11881.449181 ,44.579274 ,11292.146881
11903.427528 ,31.601961 ,11290.217854
11879.472113 ,30.585016 ,11303.108618
11869.444723 ,20.625037 ,11285.191119
11848.451863 ,32.613628 ,11280.157773
11868.494274 ,7.609773 ,11310.084869
11870.461611 ,25.604971 ,11294.142039
11864.462387 ,18.618226 ,11292.149844
11875.461437 ,18.612804 ,11296.151789
11858.496591 ,22.591207 ,11307.059079
11874.458279 ,15.620099 ,11294.163806
11868.490331 ,5.615575 ,11308.097449
11862.506836 ,3.610144 ,11314.059114
11862.477698 ,19.606935 ,11299.110261
11863.477011 ,27.594891 ,11299.101068
11856.458819 ,6.643170 ,11287.175393
11879.419280 ,31.621141 ,11276.239429
11864.456654 ,28.607335 ,11289.150596
11864.435027 ,21.633217 ,11278.214214
11857.452315 ,18.629279 ,11284.175315
11861.441447 ,29.618330 ,11280.187399
11874.444689 ,23.617798 ,11287.186931
-11074.664332 ,841.958879 ,12028.212197
-11081.633258 ,844.936142 ,12041.130660
-11073.630162 ,822.962443 ,12046.152499
-11080.610708 ,834.934503 ,12053.087797
-11096.598091 ,823.950860 ,12053.071812
-11093.608051 ,842.927839 ,12049.070788
-11075.612658 ,840.924135 ,12054.084325
-11076.607945 ,840.921334 ,12056.072575
-11074.642829 ,839.946563 ,12039.161123
-11094.603185 ,853.908459 ,12051.043707
-11080.651742 ,839.956236 ,12032.183654
-11081.609715 ,848.913388 ,12053.066327
-11088.627852 ,831.955638 ,12041.135078
-11074.605571 ,844.912545 ,12058.061121
-11072.622728 ,851.913172 ,12050.094451
-11085.608869 ,820.956928 ,12052.102420
-11082.609181 ,829.942011 ,12053.090851
-11102.591054 ,844.917731 ,12054.025903
-11081.619585 ,842.929400 ,12048.099172
-11089.587769 ,841.912677 ,12061.021254
-11068.657404 ,839.953615 ,12034.197349
-11083.616129 ,835.938529 ,12049.100118
-11092.597022 ,848.910448 ,12055.035004
-11078.600435 ,843.912603 ,12059.049789
-11093.576678 ,846.899511 ,12064.986870
-11074.640844 ,841.942154 ,12040.153439
-11076.615843 ,835.934445 ,12052.099129
-11076.614067 ,822.952645 ,12053.112352
-11064.631320 ,833.941807 ,12049.140094
-11078.620147 ,833.941613 ,12049.112692
-11089.607523 ,828.946209 ,12051.088337
-11087.612770 ,847.920387 ,12049.075563
-11088.551448 ,836.893746 ,12079.937147
-11064.642925 ,843.935098 ,12043.155535
-11089.611382 ,832.942967 ,12049.092555
-11073.614115 ,850.909091 ,12054.074302
-11086.611624 ,846.920514 ,12050.074018
-11078.602406 ,842.915504 ,12058.056080
-11087.607037 ,837.931278 ,12052.074811
-11071.637269 ,848.927464 ,12043.134865
-11072.628642 ,848.921875 ,12047.113322
-11071.623624 ,844.923737 ,12050.106165
-11074.627004 ,851.917326 ,12047.105226
-11070.646133 ,831.958676 ,12039.180102
-11079.640657 ,849.932815 ,12038.142295
-11074.648437 ,858.922107 ,12036.149331
-11081.609729 ,847.914895 ,12053.067721
-11072.652185 ,844.944629 ,12035.177655
-11069.617321 ,849.910654 ,12054.083525
-11083.658912 ,855.939047 ,12027.179965
374.456846 ,11571.551539 ,11586.873390
387.421275 ,11589.542708 ,11573.937402
370.442519 ,11578.553477 ,11577.899873
376.408330 ,11575.578988 ,11562.989245
366.424251 ,11583.561216 ,11566.938936
378.436093 ,11575.558109 ,11577.919713
401.411948 ,11581.553567 ,11574.971058
391.406117 ,11573.575242 ,11567.996910
396.427669 ,11580.546642 ,11580.933286
390.406929 ,11574.573721 ,11567.993559
405.408811 ,11585.547594 ,11574.973312
416.407876 ,11586.540664 ,11578.973863
395.428745 ,11600.516484 ,11580.903454
392.427016 ,11585.541838 ,11578.928281
389.458575 ,11571.541991 ,11593.868475
375.418984 ,11580.564469 ,11567.955837
387.444707 ,11585.532012 ,11585.884219
383.436073 ,11579.549363 ,11579.914131
380.416937 ,11579.564652 ,11568.962121
382.456485 ,11582.530889 ,11589.859028
382.424988 ,11569.572783 ,11573.955491
391.411947 ,11570.575582 ,11570.986402
390.440314 ,11582.537969 ,11584.899169
382.425224 ,11586.547161 ,11573.931797
372.444699 ,11568.565789 ,11579.907932
376.449391 ,11572.554241 ,11583.890601
394.386176 ,11578.580291 ,11559.039882
380.432678 ,11585.544459 ,11576.914586
387.448594 ,11583.532239 ,11587.877214
391.419790 ,11571.568500 ,11574.965422
374.431442 ,11574.565136 ,11573.932863
390.451919 ,11572.544679 ,11590.883728
393.398843 ,11587.558350 ,11564.996002
392.389869 ,11588.563798 ,11560.017133
377.407726 ,11589.557901 ,11562.971690
384.425474 ,11578.557852 ,11574.941965
379.421552 ,11572.572401 ,11570.960127
375.450412 ,11588.530111 ,11583.866343
380.446213 ,11573.552789 ,11583.897036
378.432067 ,11567.572955 ,11575.940656
383.471388 ,11585.515232 ,11597.817632
383.473164 ,11572.533432 ,11598.830855
367.454728 ,11580.543452 ,11582.866731
396.410164 ,11588.547128 ,11571.966204
385.432311 ,11564.573392 ,11578.943849
390.426738 ,11591.534161 ,11577.920901
389.408005 ,11594.543563 ,11567.963727
373.463585 ,11576.539808 ,11589.849775
374.431609 ,11586.547049 ,11573.916138
383.457575 ,11577.537046 ,11590.863058
-776.598285 ,-11853.642215 ,11287.940113
-779.580288 ,-11857.647378 ,11295.900644
-792.546258 ,-11845.682370 ,11307.799716
-792.589388 ,-11850.644171 ,11285.914408
-790.583142 ,-11849.651226 ,11289.897342
-784.573798 ,-11818.707622 ,11296.831605
-791.584245 ,-11845.655875 ,11288.894707
-776.601950 ,-11835.666557 ,11285.924818
-785.596849 ,-11844.651723 ,11284.924643
-779.603650 ,-11848.644217 ,11283.946858
-791.574709 ,-11863.635713 ,11293.895312
-797.561966 ,-11854.654937 ,11297.851438
-797.571697 ,-11850.653997 ,11292.870346
-777.621155 ,-11866.605910 ,11276.015032
-788.575298 ,-11874.620486 ,11294.911619
-771.617878 ,-11849.637024 ,11279.983496
-789.589895 ,-11855.637987 ,11286.922352
-776.617733 ,-11844.641842 ,11277.976534
-787.550277 ,-11847.679286 ,11307.812290
-774.593954 ,-11849.652397 ,11290.923763
-792.569913 ,-11857.647558 ,11295.875199
-781.594281 ,-11852.643791 ,11287.928932
-801.564632 ,-11853.652318 ,11294.856905
-774.605781 ,-11855.634991 ,11284.961504
-789.589881 ,-11854.639494 ,11286.920958
-788.567039 ,-11843.672785 ,11298.848826
-776.598341 ,-11857.636186 ,11287.945688
-785.587451 ,-11872.616490 ,11289.939185
-796.590264 ,-11861.624860 ,11283.931703
-775.569918 ,-11867.642006 ,11302.888135
-791.600154 ,-11863.617595 ,11280.958966
-781.618032 ,-11871.598429 ,11276.014171
-784.572522 ,-11867.635162 ,11297.895002
-797.589229 ,-11844.650496 ,11283.906051
-801.578305 ,-11851.645576 ,11287.888393
-791.568781 ,-11859.645924 ,11296.875047
-789.580122 ,-11856.643449 ,11291.899263
-777.585799 ,-11857.644562 ,11293.914352
-789.572335 ,-11859.644502 ,11295.883858
-788.590790 ,-11862.627423 ,11286.934065
-779.613687 ,-11866.610119 ,11278.996428
-811.566548 ,-11861.633431 ,11289.872964
-792.585710 ,-11867.621336 ,11287.928308
-793.557426 ,-11861.649906 ,11301.849438
-784.580212 ,-11857.644659 ,11293.900650
-785.587243 ,-11857.639098 ,11289.918279
-769.623375 ,-11848.635716 ,11277.995810
-790.598828 ,-11851.637061 ,11281.939302
-781.578594 ,-11850.657956 ,11295.886973
-767.624666 ,-11826.668847 ,11277.969062
-11198.812089 ,-459.423641 ,-11962.021141
-11195.761983 ,-484.423550 ,-11935.112630
-11192.789670 ,-473.421969 ,-11948.058435
-11201.782515 ,-475.419080 ,-11948.073263
-11187.808985 ,-449.446923 ,-11956.042927
-11186.829620 ,-468.404335 ,-11965.965524
-11204.795598 ,-462.427565 ,-11956.058082
-11189.789704 ,-444.467031 ,-11947.097879
-11187.820812 ,-455.429517 ,-11962.005186
-11190.795042 ,-463.434226 ,-11950.058665
-11207.783640 ,-478.410460 ,-11951.066137
-11203.774755 ,-454.454941 ,-11945.121136
-11181.823602 ,-452.435349 ,-11961.002519
-11196.788226 ,-458.443239 ,-11949.082274
-11196.792252 ,-466.428394 ,-11951.061331
-11213.770883 ,-468.431191 ,-11947.111404
-11201.770965 ,-489.406341 ,-11942.083130
-11204.760367 ,-462.452653 ,-11938.146219
-11199.776115 ,-463.442714 ,-11944.105660
-11187.809263 ,-469.416779 ,-11956.015052
-11201.784250 ,-459.441802 ,-11949.090667
-11187.789676 ,-468.432223 ,-11946.065410
-11199.813095 ,-448.438841 ,-11963.033533
-11189.807625 ,-466.421328 ,-11956.023148
-11174.804188 ,-484.405140 ,-11948.007872
-11192.812977 ,-460.424838 ,-11960.017796
-11182.791626 ,-462.442591 ,-11945.068883
-11199.789941 ,-472.419393 ,-11951.058841
-11175.810816 ,-455.443288 ,-11952.030663
-11205.779378 ,-479.413107 ,-11948.075518
-11206.778385 ,-465.434222 ,-11948.096987
-11198.771194 ,-474.430302 ,-11941.103061
-11182.766223 ,-465.456188 ,-11932.128356
-11194.750899 ,-474.446971 ,-11929.153989
-11205.777323 ,-472.425051 ,-11947.090170
-11196.770819 ,-473.433175 ,-11940.105436
-11206.766933 ,-486.410932 ,-11942.097097
-11196.774608 ,-464.443952 ,-11942.108187
-11190.785352 ,-470.430644 ,-11945.073391
-11189.807570 ,-462.427357 ,-11956.028723
-11199.801796 ,-480.398972 ,-11957.018312
-11213.747756 ,-494.408728 ,-11935.133924
-11201.778350 ,-457.448997 ,-11946.108144
-11231.748855 ,-480.418929 ,-11943.149496
-11194.756993 ,-490.418674 ,-11932.117000
-11198.794751 ,-479.406041 ,-11953.037334
-11186.837491 ,-471.394238 ,-11969.941756
-11200.785089 ,-462.437266 ,-11949.084528
-11205.787110 ,-472.418082 ,-11952.065688
-11207.771910 ,-479.417316 ,-11945.094122
10978.983734 ,-208.142433 ,-12169.692706
10980.000551 ,-208.154963 ,-12160.734816
10968.004145 ,-216.138891 ,-12163.732465
10969.030722 ,-218.155375 ,-12149.796270
10980.018153 ,-209.166000 ,-12151.777491
10964.011058 ,-230.120633 ,-12161.730574
10990.991870 ,-201.165361 ,-12160.723042
10984.963384 ,-201.141750 ,-12177.651546
10969.983115 ,-206.139998 ,-12173.693523
10985.004473 ,-202.169512 ,-12156.752978
10975.989834 ,-223.122654 ,-12167.687464
10969.003444 ,-209.149427 ,-12163.740264
10975.994054 ,-201.158601 ,-12165.727920
10987.992223 ,-207.154966 ,-12161.715655
11008.961984 ,-191.169033 ,-12168.662577
10972.001328 ,-189.179530 ,-12163.762267
10979.980923 ,-212.134997 ,-12170.680277
11001.961435 ,-210.136312 ,-12171.635107
10982.995977 ,-224.129412 ,-12161.701748
10987.004710 ,-211.157313 ,-12155.741416
10968.995337 ,-229.113708 ,-12167.692803
10975.053391 ,-214.180833 ,-12135.858652
10970.022136 ,-215.154308 ,-12153.778909
10987.999969 ,-213.151497 ,-12157.726879
10987.002808 ,-207.161948 ,-12156.742095
10984.996630 ,-203.162430 ,-12160.731999
10972.998184 ,-217.135920 ,-12164.716388
10977.008679 ,-218.144114 ,-12157.741440
10964.026897 ,-217.151377 ,-12153.787865
10989.003183 ,-206.164821 ,-12155.744471
10969.990903 ,-209.141051 ,-12169.708928
10994.959206 ,-209.132341 ,-12175.630616
10978.011934 ,-208.161960 ,-12155.763213
10975.016022 ,-227.134758 ,-12154.747500
10976.967603 ,-216.117860 ,-12178.641402
10977.988516 ,-203.152771 ,-12167.711425
10983.995263 ,-218.138442 ,-12161.708153
10976.991202 ,-208.146642 ,-12166.711310
10988.958068 ,-213.122215 ,-12178.622095
10971.017493 ,-210.159043 ,-12155.774127
10988.001843 ,-219.143848 ,-12156.723413
11001.953717 ,-202.142795 ,-12175.626671
10978.981943 ,-196.159126 ,-12170.704534
10972.008838 ,-212.150439 ,-12159.749796
10967.030541 ,-205.173603 ,-12150.813407
10971.019534 ,-204.169480 ,-12154.787386
10972.022511 ,-214.157181 ,-12152.781284
10982.010560 ,-218.148226 ,-12154.746343
10976.013447 ,-214.152944 ,-12155.758766
10964.022954 ,-219.145575 ,-12155.775284
454.155082 ,11745.527985 ,-11394.995851
429.151685 ,11755.529291 ,-11406.999964
434.155496 ,11753.526800 ,-11403.006976
451.143664 ,11737.549758 ,-11401.956298
454.125820 ,11752.538341 ,-11409.932160
452.125333 ,11743.553272 ,-11410.918635
437.160918 ,11752.522774 ,-11399.019296
457.121718 ,11770.512646 ,-11410.946480
452.127319 ,11745.548864 ,-11409.926319
440.123542 ,11770.520773 ,-11416.950375
451.126257 ,11752.539693 ,-11410.933136
435.140928 ,11748.544106 ,-11409.963774
440.138978 ,11754.533738 ,-11408.967247
452.140978 ,11742.543629 ,-11402.956413
443.156212 ,11758.513814 ,-11399.015914
443.126853 ,11758.534720 ,-11413.942467
452.137300 ,11759.520794 ,-11404.970314
441.130295 ,11750.545356 ,-11412.940128
440.129011 ,11741.560301 ,-11413.924646
454.141492 ,11753.525684 ,-11401.972726
440.148681 ,11748.535813 ,-11403.983367
430.138949 ,11741.558768 ,-11412.949115
454.125778 ,11749.542863 ,-11409.927979
438.130704 ,11748.549723 ,-11413.938316
446.153624 ,11744.534956 ,-11398.990530
433.162000 ,11741.540691 ,-11400.006897
447.115470 ,11732.579538 ,-11417.878815
449.172912 ,11755.503087 ,-11388.053851
446.161508 ,11748.523352 ,-11395.015691
437.116108 ,11767.532222 ,-11421.927583
433.113234 ,11753.557448 ,-11424.901211
446.122515 ,11759.534648 ,-11414.933093
438.144517 ,11756.527909 ,-11406.983742
430.158814 ,11762.513179 ,-11403.027349
454.125792 ,11750.541355 ,-11409.929373
463.130297 ,11746.539147 ,-11403.935561
459.112237 ,11766.524278 ,-11414.917404
433.142621 ,11755.533528 ,-11409.977445
433.146689 ,11766.514161 ,-11408.002569
442.127651 ,11758.534706 ,-11413.944425
425.135444 ,11765.528101 ,-11416.972766
449.137653 ,11753.531189 ,-11405.962927
449.135474 ,11737.556699 ,-11406.935730
444.145419 ,11743.543404 ,-11403.968569
432.160966 ,11750.528506 ,-11401.016502
443.126769 ,11752.543763 ,-11413.934105
429.153504 ,11745.542969 ,-11405.990923
442.144905 ,11732.561350 ,-11404.952255
440.127026 ,11739.564709 ,-11414.916962
445.135071 ,11760.524764 ,-11408.965823
689.867053 ,-11882.964939 ,-11245.125033
681.848215 ,-11866.971047 ,-11258.099338
701.828325 ,-11867.966475 ,-11260.049005
700.840936 ,-11862.982387 ,-11254.087310
681.859500 ,-11899.929671 ,-11252.082723
681.875298 ,-11889.955894 ,-11244.135832
675.856696 ,-11882.949803 ,-11256.098574
671.853961 ,-11886.939648 ,-11259.086139
676.857827 ,-11884.948168 ,-11255.098726
661.871492 ,-11903.921133 ,-11254.106501
684.867045 ,-11888.953178 ,-11247.116664
682.839185 ,-11895.921749 ,-11262.037376
678.852275 ,-11887.940831 ,-11257.080837
696.832134 ,-11880.946950 ,-11260.040673
691.836083 ,-11883.942498 ,-11260.046278
688.862021 ,-11879.965294 ,-11248.116482
679.851518 ,-11884.945339 ,-11257.083061
672.849401 ,-11875.953426 ,-11261.089720
685.844606 ,-11896.925775 ,-11258.049696
674.833937 ,-11887.925555 ,-11268.034805
678.842669 ,-11874.953456 ,-11262.074474
680.870238 ,-11888.953234 ,-11247.124494
687.849090 ,-11881.952537 ,-11255.081377
678.877525 ,-11901.937849 ,-11244.124979
686.830093 ,-11897.914498 ,-11265.012069
705.819108 ,-11878.945658 ,-11263.011155
689.868857 ,-11893.949754 ,-11244.114598
671.890941 ,-11901.943521 ,-11240.158266
666.879273 ,-11901.932440 ,-11248.128881
664.865558 ,-11876.958999 ,-11256.128467
692.842920 ,-11897.926958 ,-11256.044394
678.866156 ,-11874.970181 ,-11250.133231
682.841392 ,-11877.950273 ,-11261.067360
695.858266 ,-11888.953025 ,-11247.095134
682.845293 ,-11878.951553 ,-11259.075759
674.849859 ,-11868.965343 ,-11260.100458
685.848673 ,-11885.945142 ,-11256.074820
694.827928 ,-11875.950333 ,-11263.036867
691.849882 ,-11876.962805 ,-11253.090309
691.836361 ,-11863.972643 ,-11260.074153
679.847687 ,-11878.951595 ,-11259.081631
685.860570 ,-11874.970084 ,-11250.119530
693.838332 ,-11888.937722 ,-11258.045187
696.863507 ,-11876.975279 ,-11244.124591
669.857459 ,-11890.935041 ,-11258.089375
686.873376 ,-11881.969276 ,-11243.142092
679.863373 ,-11876.965759 ,-11251.123590
691.865526 ,-11877.972448 ,-11245.128087
674.877248 ,-11869.983348 ,-11246.167615
691.834043 ,-11889.932061 ,-11261.033019
-9095.739778 ,-9264.863647 ,-9977.306732
-9105.736059 ,-9289.823318 ,-9979.281668
-9111.684017 ,-9269.886996 ,-9955.438803
-9116.713468 ,-9281.845285 ,-9972.348624
-9120.739704 ,-9286.816898 ,-9987.276037
-9110.688855 ,-9278.870629 ,-9957.414509
-9111.719402 ,-9280.845329 ,-9973.335335
-9104.770062 ,-9284.807146 ,-9996.203440
-9096.744921 ,-9269.851944 ,-9980.287031
-9080.747960 ,-9273.852661 ,-9975.274622
-9098.771116 ,-9297.790257 ,-9994.183370
-9092.773573 ,-9270.832262 ,-9993.214154
-9098.760858 ,-9263.848471 ,-9989.255240
-9103.727771 ,-9282.840810 ,-9974.311992
-9100.745727 ,-9275.840168 ,-9982.276705
-9093.768874 ,-9271.833556 ,-9991.224511
-9093.764945 ,-9270.837851 ,-9989.235697
-9080.750112 ,-9287.830166 ,-9976.250213
-9088.769075 ,-9280.822709 ,-9989.211973
-9105.765224 ,-9275.823513 ,-9994.227734
-9095.749828 ,-9283.828041 ,-9982.255768
-9105.716333 ,-9278.853835 ,-9969.345964
-9091.741138 ,-9273.851420 ,-9976.291256
-9086.796032 ,-9274.813606 ,-10002.152767
-9097.763891 ,-9283.816919 ,-9990.220511
-9096.770450 ,-9275.824782 ,-9993.215015
-9106.748684 ,-9269.843720 ,-9986.277225
-9105.778911 ,-9274.815264 ,-10001.194852
-9099.723232 ,-9289.835778 ,-9970.313993
-9099.740723 ,-9280.836800 ,-9979.282468
-9092.759955 ,-9276.832975 ,-9986.240067
-9102.769437 ,-9265.837150 ,-9995.230903
-9078.782816 ,-9272.830447 ,-9992.188861
-9075.781185 ,-9264.845251 ,-9990.203932
-9097.787031 ,-9258.837874 ,-10002.196597
-9104.769853 ,-9269.829755 ,-9996.224346
-9105.743624 ,-9270.846380 ,-9983.288564
-9100.747434 ,-9257.865905 ,-9983.296896
-9097.751980 ,-9271.843368 ,-9984.266615
-9093.764959 ,-9271.836344 ,-9989.234304
-9109.732700 ,-9277.841460 ,-9979.306223
-9086.776390 ,-9269.835080 ,-9992.208700
-9104.719200 ,-9286.840370 ,-9970.327961
-9114.736553 ,-9278.834447 ,-9983.295030
-9098.743047 ,-9249.882116 ,-9980.318821
-9100.747545 ,-9265.853847 ,-9983.285746
-9086.794089 ,-9275.813493 ,-10001.156270
-9108.725544 ,-9268.860586 ,-9975.336395
-9097.726452 ,-9265.870530 ,-9971.338632
-9094.756387 ,-9275.835904 ,-9985.250272
8734.810307 ,-10075.963376 ,-9533.256395
8719.872891 ,-10095.969678 ,-9507.385188
8724.855088 ,-10103.947794 ,-9514.329976
8723.846266 ,-10091.958926 ,-9519.324176
8719.874931 ,-10089.980115 ,-9506.398447
8733.889148 ,-10093.992010 ,-9493.429124
8733.814798 ,-10091.942062 ,-9531.245845
8728.828686 ,-10083.961158 ,-9526.291264
8722.872412 ,-10098.966508 ,-9506.380031
8736.868971 ,-10105.961338 ,-9502.362459
8733.851986 ,-10091.968543 ,-9512.338878
8721.879096 ,-10097.972211 ,-9503.398072
8736.845844 ,-10079.983801 ,-9514.339938
8728.822731 ,-10089.947934 ,-9529.268212
8738.838168 ,-10094.956984 ,-9517.300428
8724.878728 ,-10092.981099 ,-9502.404065
8737.831164 ,-10092.954437 ,-9521.285587
8720.846578 ,-10100.944009 ,-9520.312608
8727.860717 ,-10089.974429 ,-9510.363203
8736.871234 ,-10083.995891 ,-9501.398018
8728.860142 ,-10073.998530 ,-9510.383545
8732.848648 ,-10107.941654 ,-9514.308743
8724.874661 ,-10103.961732 ,-9504.378941
8717.901917 ,-10093.992233 ,-9493.460441
8727.886010 ,-10100.975968 ,-9497.411525
8734.837348 ,-10101.943701 ,-9519.288708
8727.868616 ,-10084.987540 ,-9506.389757
8722.866735 ,-10084.983428 ,-9509.384854
8735.832594 ,-10104.936378 ,-9521.272777
8720.864361 ,-10088.974639 ,-9511.373401
8726.838042 ,-10088.959225 ,-9522.307796
8722.866651 ,-10090.974385 ,-9509.376492
8751.845603 ,-10080.990448 ,-9508.338564
8756.821900 ,-10090.961369 ,-9518.265875
8721.857788 ,-10081.980995 ,-9514.366511
8729.888384 ,-10096.984757 ,-9495.422979
8734.888377 ,-10091.995011 ,-9493.429954
8741.833969 ,-10083.972128 ,-9518.304991
8726.859697 ,-10079.988121 ,-9511.374201
8727.860717 ,-10089.974429 ,-9510.363203
8730.860364 ,-10083.984824 ,-9509.370590
8741.841673 ,-10092.964138 ,-9514.312033
8737.847003 ,-10079.985181 ,-9513.342878
8720.875993 ,-10096.970944 ,-9505.391630
8726.830351 ,-10078.968722 ,-9526.302148
8729.870823 ,-10092.978242 ,-9504.384486
8730.852410 ,-10092.965684 ,-9513.338460
8724.845399 ,-10096.951376 ,-9519.315250
8727.860745 ,-10087.977443 ,-9510.365990
8729.868811 ,-10096.970819 ,-9505.374014
8810.556982 ,9702.515762 ,-9798.544851
8822.506302 ,9702.545198 ,-9819.418537
8840.519172 ,9690.544022 ,-9805.435132
8822.527832 ,9702.529866 ,-9808.472399
8819.528144 ,9693.544783 ,-9809.460830
8826.510883 ,9698.545707 ,-9815.424719
8814.542115 ,9707.516644 ,-9804.514612
8815.547120 ,9702.520013 ,-9801.520375
8815.519662 ,9698.545554 ,-9815.446249
8817.557309 ,9705.507156 ,-9795.550021
8826.534440 ,9703.521446 ,-9803.490446
8812.547307 ,9684.548495 ,-9802.496263
8826.559580 ,9681.536486 ,-9790.523437
8827.549273 ,9701.513324 ,-9795.524872
8824.498750 ,9696.558450 ,-9822.391571
8829.502603 ,9697.551437 ,-9818.402764
8833.487917 ,9715.532725 ,-9824.390644
8821.520954 ,9713.518848 ,-9812.470101
8830.495988 ,9701.549603 ,-9821.391692
8843.495608 ,9716.520207 ,-9816.411636
8830.496336 ,9726.511923 ,-9821.426536
8831.499355 ,9719.519700 ,-9819.424616
8830.502041 ,9714.525828 ,-9818.424501
8829.504685 ,9706.536478 ,-9817.420204
8830.504095 ,9721.513884 ,-9817.439153
8823.521231 ,9707.526525 ,-9811.462721
8834.524252 ,9711.512287 ,-9805.476144
8826.510883 ,9698.545707 ,-9815.424719
8838.513050 ,9698.537511 ,-9809.430610
8829.498772 ,9703.545181 ,-9820.401334
8831.514763 ,9701.535680 ,-9811.438700
8836.489548 ,9723.517922 ,-9822.405715
8838.495934 ,9734.495795 ,-9818.436717
8834.514632 ,9723.501169 ,-9810.468387
8838.471794 ,9687.583359 ,-9830.312453
8839.496843 ,9716.521545 ,-9817.414569
8820.513798 ,9704.537974 ,-9816.439929
8820.517948 ,9721.509564 ,-9814.473416
8833.478047 ,9709.548737 ,-9829.357799
8822.504442 ,9709.536041 ,-9820.423397
8829.508475 ,9697.547256 ,-9815.417453
8846.485301 ,9710.534867 ,-9820.377816
8852.507901 ,9709.516945 ,-9806.433229
8840.513536 ,9707.522580 ,-9808.444136
8848.501071 ,9692.549481 ,-9811.392882
8834.504762 ,9717.517181 ,-9815.435542
8832.496461 ,9709.536180 ,-9820.403824
8829.525993 ,9690.545263 ,-9806.451765
8822.531858 ,9710.515021 ,-9806.493342
8821.526659 ,9701.532753 ,-9809.468066
-9603.873562 ,9379.130569 ,-9394.332053
-9598.955650 ,9393.165288 ,-9434.145920
-9589.927657 ,9389.146354 ,-9416.210865
-9623.877396 ,9363.168345 ,-9404.299934
-9606.859730 ,9357.155324 ,-9388.336641
-9612.844835 ,9380.113606 ,-9383.404923
-9600.875998 ,9376.135133 ,-9394.321999
-9601.892885 ,9371.155199 ,-9403.272920
-9609.876686 ,9373.145104 ,-9398.315848
-9615.877533 ,9390.123579 ,-9401.336596
-9630.859912 ,9374.143305 ,-9398.358345
-9611.888847 ,9369.160862 ,-9405.279912
-9633.878937 ,9382.146537 ,-9409.321506
-9615.858085 ,9381.123207 ,-9391.373017
-9613.906851 ,9367.177786 ,-9415.232075
-9623.881144 ,9375.153045 ,-9406.306866
-9612.903429 ,9389.141853 ,-9413.270573
-9625.903091 ,9371.175772 ,-9418.246448
-9635.899080 ,9367.184449 ,-9420.250653
-9610.893421 ,9379.148591 ,-9407.282100
-9626.853402 ,9368.145436 ,-9393.366636
-9617.856503 ,9380.124686 ,-9391.375538
-9597.901686 ,9390.130798 ,-9406.276882
-9624.898100 ,9365.180648 ,-9415.250818
-9633.885032 ,9366.174834 ,-9412.284517
-9643.877148 ,9359.185246 ,-9412.294333
-9617.858877 ,9350.171297 ,-9392.328829
-9628.867408 ,9372.150529 ,-9401.336954
-9627.850577 ,9373.136492 ,-9392.380458
-9620.872141 ,9350.182405 ,-9400.295529
-9644.842937 ,9369.146466 ,-9395.393468
-9621.874883 ,9377.144484 ,-9402.325325
-9626.880665 ,9378.149876 ,-9407.312023
-9615.842746 ,9358.146723 ,-9383.380133
-9628.826541 ,9355.146883 ,-9380.416086
-9615.877700 ,9378.141666 ,-9401.319871
-9632.858691 ,9347.183973 ,-9398.324628
-9638.832206 ,9359.150471 ,-9387.406959
-9629.843289 ,9360.151877 ,-9389.380944
-9639.843346 ,9345.179921 ,-9393.360024
-9638.836204 ,9353.162302 ,-9389.388803
-9636.831956 ,9351.161163 ,-9386.396790
-9656.819811 ,9358.153122 ,-9388.435900
-9646.825904 ,9353.159404 ,-9387.414254
-9652.825239 ,9338.184716 ,-9389.395299
-9647.823149 ,9353.157996 ,-9386.421108
-9664.801891 ,9343.167257 ,-9382.460031
-9630.823085 ,9348.156012 ,-9379.415141
-9635.826910 ,9349.160010 ,-9383.406735
-9638.828638 ,9334.185364 ,-9385.381908
9476.144261 ,9837.871489 ,9057.682165
9490.140709 ,9822.888717 ,9061.710888
9481.149918 ,9827.879662 ,9062.681407
9476.128367 ,9820.908262 ,9049.745031
9480.164306 ,9819.881950 ,9069.656324
9478.160031 ,9819.886103 ,9066.667099
9466.187265 ,9822.868871 ,9075.595362
9489.155166 ,9819.883468 ,9068.678837
9483.158234 ,9836.859156 ,9067.648295
9472.172579 ,9814.887981 ,9070.642738
9488.118748 ,9817.912950 ,9049.772700
9486.143901 ,9822.888661 ,9061.703059
9494.116167 ,9835.884510 ,9050.754459
9489.106567 ,9843.882139 ,9043.767798
9486.110710 ,9828.903312 ,9044.777936
9473.128790 ,9819.911121 ,9048.745449
9476.140333 ,9836.875784 ,9055.693352
9484.126271 ,9847.864891 ,9051.713265
9480.137085 ,9832.881868 ,9055.706756
9479.134052 ,9838.875599 ,9053.706229
9493.118936 ,9836.881595 ,9051.746212
9493.115049 ,9838.881368 ,9049.753217
9474.118011 ,9805.939205 ,9043.791401
9464.102795 ,9826.924139 ,9031.801317
9474.122106 ,9818.916824 ,9045.763490
9481.165382 ,9813.889613 ,9070.661748
9479.173003 ,9824.868825 ,9073.627812
9478.175870 ,9832.855359 ,9074.609809
9479.129887 ,9820.905516 ,9051.741110
9488.144193 ,9817.894831 ,9062.709046
9501.085385 ,9853.875596 ,9037.806727
9482.152979 ,9823.882917 ,9064.679146
9480.170317 ,9829.862696 ,9072.627697
9475.184080 ,9828.857165 ,9077.594822
9477.166867 ,9831.863821 ,9069.633727
9500.121137 ,9833.880639 ,9055.744508
9492.119734 ,9836.881581 ,9051.744255
9487.137176 ,9818.898885 ,9058.725280
9486.148052 ,9839.860251 ,9063.669572
9481.130429 ,9833.884556 ,9052.722009
9489.153612 ,9848.841153 ,9067.643314
9501.102709 ,9832.894704 ,9046.791928
9490.131131 ,9837.873077 ,9056.714464
9483.167812 ,9821.874796 ,9072.644719
9490.126827 ,9809.918067 ,9054.763282
9482.154784 ,9812.898103 ,9065.689581
9484.151425 ,9826.878423 ,9064.678880
9477.145198 ,9821.894225 ,9058.701526
9478.115457 ,9851.869928 ,9043.735118
9469.132065 ,9825.902022 ,9048.729257
-10012.346204 ,8805.475985 ,9507.550291
-10011.376056 ,8827.463746 ,9492.595033
-10031.303707 ,8800.463745 ,9521.451520
-10020.341707 ,8810.469732 ,9506.532560
-10009.383732 ,8812.490564 ,9489.634543
-10010.333988 ,8813.454199 ,9514.508780
-10025.337661 ,8814.463633 ,9506.517198
-10027.357429 ,8826.460850 ,9495.550420
-10022.326146 ,8829.431310 ,9513.467889
-10024.318831 ,8818.443681 ,9516.464616
-10011.329386 ,8805.463455 ,9516.508180
-10025.333705 ,8817.456324 ,9508.503224
-10007.338159 ,8826.436040 ,9513.501430
-10018.319927 ,8802.465092 ,9518.488867
-10011.366367 ,8820.467328 ,9497.580306
-10022.349856 ,8813.472151 ,9501.548947
-10012.347967 ,8819.456278 ,9506.535675
-10021.332927 ,8821.447563 ,9510.495686
-10014.330865 ,8808.461679 ,9514.507920
-10015.336161 ,8792.489962 ,9511.542952
-9999.371932 ,8827.454157 ,9499.584245
-10019.377626 ,8818.482775 ,9488.611504
-10018.355130 ,8804.487165 ,9500.574216
-10004.371939 ,8821.465918 ,9497.592614
-10009.393380 ,8822.482460 ,9484.645088
-10001.398044 ,8805.506801 ,9485.679544
-10006.397648 ,8828.474852 ,9483.647494
-10017.392728 ,8832.471458 ,9481.630181
-10018.358684 ,8830.450765 ,9498.547771
-10013.349154 ,8817.460672 ,9505.541401
-10016.364486 ,8809.485232 ,9496.590748
-10022.350106 ,8795.499281 ,9501.574034
-10013.380471 ,8817.482972 ,9489.619745
-10019.348572 ,8796.495028 ,9503.568719
-10024.352230 ,8809.480940 ,9499.560400
-10015.384746 ,8817.487126 ,9486.630520
-10011.382261 ,8803.504101 ,9489.643172
-10003.380692 ,8812.485072 ,9493.626701
-10019.346475 ,8806.478562 ,9504.549885
-10010.388862 ,8808.500760 ,9486.652850
-10002.397093 ,8816.490207 ,9485.662255
-10028.355034 ,8800.498630 ,9496.579804
-10016.346815 ,8813.466659 ,9505.541104
-10022.379243 ,8811.496072 ,9486.625181
-10033.364495 ,8818.481187 ,9489.579205
-10031.374240 ,8795.521456 ,9485.634762
-10020.378799 ,8817.485662 ,9487.615837
-10031.362163 ,8819.476920 ,9491.571933
-10007.350069 ,8814.462490 ,9507.547534
-10011.367991 ,8844.432549 ,9496.551753
8481.428420 ,-9305.209966 ,10482.557692
8462.470709 ,-9325.199598 ,10496.479828
8484.437964 ,-9291.239388 ,10488.514672
8462.484813 ,-9296.253064 ,10503.405133
8472.461034 ,-9306.226703 ,10495.477816
8478.419182 ,-9297.213703 ,10476.570049
8487.392357 ,-9302.192104 ,10466.643598
8485.380238 ,-9303.180869 ,10459.675352
8476.377717 ,-9297.183068 ,10454.673857
8475.403822 ,-9307.186129 ,10467.622183
8483.380182 ,-9281.212662 ,10458.645672
8472.378966 ,-9296.183237 ,10453.669530
8475.441135 ,-9298.226175 ,10486.516606
8473.425019 ,-9305.203109 ,10477.566516
8475.409916 ,-9291.214426 ,10470.585193
8471.422784 ,-9299.209392 ,10475.564032
8494.395169 ,-9261.259378 ,10470.580569
8484.429871 ,-9310.205176 ,10484.560740
8489.418177 ,-9301.213096 ,10480.577568
8485.411555 ,-9303.203169 ,10475.597009
8483.421188 ,-9288.231380 ,10479.552602
8482.417850 ,-9304.204491 ,10477.582738
8474.437838 ,-9311.203808 ,10484.542560
8493.411278 ,-9286.232862 ,10478.574284
8469.426434 ,-9292.221364 ,10476.545464
8483.377836 ,-9309.169066 ,10457.689593
8476.403329 ,-9285.219274 ,10467.593477
8470.404106 ,-9292.206019 ,10465.601283
8481.418509 ,-9314.189432 ,10477.594718
8475.419647 ,-9295.215365 ,10475.566286
8466.434742 ,-9289.230109 ,10479.520722
8480.427345 ,-9299.217630 ,10481.552269
8467.429932 ,-9296.216757 ,10477.542228
8471.416828 ,-9305.196168 ,10472.587084
8478.422999 ,-9304.205940 ,10478.570012
8474.436048 ,-9299.220500 ,10483.530732
8482.402330 ,-9294.208413 ,10469.607972
8469.438206 ,-9290.232741 ,10482.513298
8482.435702 ,-9287.242657 ,10486.514976
8474.426414 ,-9288.230111 ,10478.539883
8468.438837 ,-9302.214668 ,10482.528066
8475.444842 ,-9313.206354 ,10488.527719
8477.431766 ,-9294.226601 ,10482.534531
8469.453795 ,-9295.236355 ,10490.481095
8457.453544 ,-9298.225031 ,10485.486271
8464.489061 ,-9298.254203 ,10506.397146
8459.451698 ,-9316.197874 ,10485.515273
8471.381722 ,-9296.184645 ,10454.662676
8467.406125 ,-9319.165366 ,10465.633042
8458.440905 ,-9305.206104 ,10479.527363
-9940.058279 ,-9069.252232 ,9326.657717
-9930.034707 ,-9052.300016 ,9342.575253
-9944.031669 ,-9074.261477 ,9338.598099
-9944.043454 ,-9077.248592 ,9332.631659
-9949.064950 ,-9080.226021 ,9319.689708
-9941.041795 ,-9067.266410 ,9334.613801
-9942.062666 ,-9077.236021 ,9323.679642
-9941.069489 ,-9088.215246 ,9320.711620
-9957.028845 ,-9054.286226 ,9334.564365
-9950.028740 ,-9067.270717 ,9337.581496
-9950.052117 ,-9059.266049 ,9325.629103
-9930.050504 ,-9062.273794 ,9334.628362
-9931.063505 ,-9069.253501 ,9327.670437
-9938.059653 ,-9053.276320 ,9326.639332
-9943.085078 ,-9057.249454 ,9311.708568
-9924.070937 ,-9061.264068 ,9326.677884
-9943.055982 ,-9076.241723 ,9326.661602
-9930.025129 ,-9067.284376 ,9347.571677
-9931.053635 ,-9063.269513 ,9332.637592
-9938.034208 ,-9053.294439 ,9339.575678
-9948.020439 ,-9059.289715 ,9342.549778
-9952.007571 ,-9067.284682 ,9347.528616
-9940.021215 ,-9078.265148 ,9345.577228
-9957.009688 ,-9084.254947 ,9344.557213
-9939.012060 ,-9066.290190 ,9350.537978
-9937.033216 ,-9065.277732 ,9340.589464
-9939.013906 ,-9058.300854 ,9349.531725
-9936.022242 ,-9063.289095 ,9346.559255
-9928.028682 ,-9067.282955 ,9346.580488
-9928.071771 ,-9069.249278 ,9324.690998
-9923.046235 ,-9057.288201 ,9339.610612
-9955.028720 ,-9071.261970 ,9335.587077
-9940.061972 ,-9053.273560 ,9324.645210
-9943.032453 ,-9073.262970 ,9338.598663
-9941.047486 ,-9054.281823 ,9331.610371
-9927.064754 ,-9070.253332 ,9328.674763
-9941.061229 ,-9057.267545 ,9324.648828
-9940.050283 ,-9057.275894 ,9330.621407
-9923.059992 ,-9061.272416 ,9332.650463
-9929.064851 ,-9051.280603 ,9327.649264
-9951.033744 ,-9062.274085 ,9334.587259
-9920.072173 ,-9061.265406 ,9327.680817
-9941.045529 ,-9054.283217 ,9332.605475
-9950.019079 ,-9076.264120 ,9342.569557
-9954.052783 ,-9055.269346 ,9323.625492
-9928.052031 ,-9057.281302 ,9334.625308
-9941.041517 ,-9047.296555 ,9334.585926
-9942.019591 ,-9076.268191 ,9345.570526
-9943.032231 ,-9057.287085 ,9338.576363
-9938.022562 ,-9060.292251 ,9345.556055
